474732751211081013284114971101029710310810597
47473267798367325153483245327697984851
4747327697115116328511210097116101100324948474850475051
351051109910811710010132601151161001051114610462
35105110991081171001013260115116100108105984610462
351051109910811710010132601171101051151161004610462
3510511099108117100101326011512111547115116971164610462
35105110991081171001013260102991101161084610462

351001011021051101013266857070698295837390693249
47473269114114111114327011711099116105111110
118111105100321011141149511512111540991049711432421151161144132123
	112114105110116102403437115921103444321151161144159
	10112010511640494159
125
1051101163210997105110401051101163297114103994432991049711432429711410311891934132123
	474732671041019910711532116104971163211610410111410132971141013211610411410110132105110991111091051101033211297114971091011161011141153240112114111103114971094432105110112117116102105108101443211111711611211711610210510810141
	1051023240971141039932336132514132123
		101114114951151211154034731109911111411410199116327811710998101114321111023297114103117109101110116115344159
	125

	1171099711510740484159324747326710810197114115321171099711510732112101114109105115115105111110115
	47473286971141059798108101115
	105110116321051107010510810144321111171167010510810159
	991049711432981171021021011149166857070698295837390699359

	10511070105108101326132111112101110409711410311891499344327995826879787689415932
	111117116701051081013261321111121011104097114103118915093443279958782797876893212432799567826965844432485454544159
	4747327311011211711632118971081051009711610511111032102111114321051101121171163210210510810111532971101003299104101991071153211610497116321161041013210011711232119971153297321151179999101115115
	10510232401051107010510810132616132454932124124321111171167010510810132616132454941
		1011141149511512111540347010510810132791121011103269114114111114344159

	1051023240100117112504011111711670105108101443283846879858495707376697879413261613245494132123
		1011141149511512111540348210110010511410199116327097105108344159
	125

	1001171125040111117116701051081014432838468798584957073766978794159

	11910410510810140114101971004010511070105108101443238981171021021011144432668570706982958373906941326232484132123324747114101971001153210511032101118101114121329910497114
		1051023240981171021021011149148933261613239921103941324747328497107101115329997114101321111023211010111910810511010132
			112114105110116102403492110344159
		101108115101321051023240981171021021011149148933261613239921163941
			112114105110116102403492116344159
		101108115101
			112114105110116102403437100344432981171021021011149148934159324747326711111011810111411611532116111326583677373
	125
	9910811111510140105110701051081014159
	9910811111510140111117116701051081014159

	1011201051163240484159
125
